281 429
263 405
287 408
304 432
250 386
230 357
255 357
275 389
217 339
195 309
220 310
239 339
311 413
339 414
325 436
356 440
295 390
274 358
307 362
327 393
264 338
244 307
272 308
294 341
383 443
366 416
401 422
416 446
353 400
332 371
366 373
388 405
320 348
295 316
333 316
357 351
419 411
438 377
451 406
437 438
404 393
385 362
406 326
427 362
373 337
352 306
376 270
395 304
450 361
465 328
478 353
461 386
434 342
453 310
437 280
423 305
409 282
428 255
412 226
392 255
475 312
488 284
498 306
487 332
464 290
480 266
465 231
451 259
440 233
455 213
440 173
426 196
193 289
222 260
247 260
221 288
234 245
258 218
285 215
261 241
268 204
289 181
314 178
296 198
240 288
268 258
300 254
276 285
285 239
306 214
339 209
315 240
315 197
335 178
366 172
349 194
297 292
321 259
355 256
331 295
335 241
357 209
397 205
377 237
368 193
383 167
428 159
408 187
