231 440
242 419
280 418
270 438
254 404
271 377
312 374
295 402
280 351
295 321
342 320
327 349
299 438
312 418
345 416
334 438
331 394
345 373
378 369
360 396
358 345
375 318
414 318
396 343
365 435
378 413
407 413
392 433
397 387
413 364
441 366
423 389
428 340
445 311
480 312
456 341
294 293
288 257
329 255
347 294
274 232
258 197
296 198
314 231
251 179
238 147
285 150
293 176
371 293
354 256
400 257
421 295
346 233
329 199
369 201
387 235
317 182
301 149
347 156
360 185
423 255
464 254
446 290
483 289
411 234
393 203
431 205
447 234
384 184
367 157
402 162
417 189
276 311
261 263
247 302
260 344
250 363
236 397
224 354
237 319
224 408
213 365
201 391
210 436
237 203
253 244
239 283
225 247
229 302
216 331
206 298
215 264
208 349
197 370
189 336
199 317
231 190
217 221
218 159
208 193
202 214
210 241
200 271
191 246
187 269
192 292
185 312
182 289
