77 161
108 181
110 236
75 220
145 193
187 215
187 271
144 251
223 237
267 260
269 313
229 293
75 269
114 290
116 347
78 324
150 305
187 325
191 384
155 365
223 340
268 363
270 420
226 397
79 371
118 394
123 453
86 430
151 412
189 436
191 491
150 467
226 445
268 472
270 534
226 508
301 250
355 236
358 294
305 313
398 217
447 201
445 255
399 268
487 187
529 172
530 225
489 239
315 368
354 351
356 397
315 418
399 331
446 310
448 371
403 386
486 295
531 281
531 331
485 349
309 471
359 454
354 506
311 524
404 435
441 419
446 469
402 486
486 399
533 379
534 435
485 455
316 60
347 74
306 88
268 74
388 88
431 103
387 116
345 101
468 116
510 133
467 150
420 133
229 87
257 100
187 101
218 116
304 113
349 131
301 149
252 131
384 146
434 167
382 183
328 164
145 113
193 131
89 133
130 149
218 139
267 162
162 162
202 180
297 176
344 200
239 198
285 221
